0.00000000e+00 -0.00000000e+00
0.00000000e+00 -4.81457243e-03
0.00000000e+00 -9.62914486e-03
0.00000000e+00 -1.44437173e-02
0.00000000e+00 -1.92582897e-02
0.00000000e+00 -2.40728621e-02
0.00000000e+00 -2.88874346e-02
0.00000000e+00 -3.37020070e-02
0.00000000e+00 -3.85165794e-02
0.00000000e+00 -4.33311519e-02
0.00000000e+00 -4.81457243e-02
0.00000000e+00 -5.29602967e-02
0.00000000e+00 -5.77748691e-02
0.00000000e+00 -6.25894416e-02
0.00000000e+00 -6.74040140e-02
0.00000000e+00 -7.22185864e-02
0.00000000e+00 -7.70331589e-02
0.00000000e+00 -8.18477313e-02
0.00000000e+00 -8.66623037e-02
0.00000000e+00 -9.14768761e-02
0.00000000e+00 -9.62914486e-02
0.00000000e+00 -1.01106021e-01
0.00000000e+00 -1.05920593e-01
0.00000000e+00 -1.10735166e-01
0.00000000e+00 -1.15549738e-01
-2.37892692e-03 -1.19378927e-01
-5.78334373e-03 -1.22783344e-01
-9.18776054e-03 -1.26187761e-01
-1.25921774e-02 -1.29592177e-01
-1.59965942e-02 -1.32996594e-01
-1.94010110e-02 -1.36401011e-01
-2.28054278e-02 -1.39805428e-01
-2.62098446e-02 -1.43209845e-01
-2.96142614e-02 -1.46614261e-01
-3.30186782e-02 -1.50018678e-01
-3.64230950e-02 -1.53423095e-01
-3.98275119e-02 -1.56827512e-01
-4.32319287e-02 -1.60231929e-01
-4.66363455e-02 -1.63636345e-01
-5.00407623e-02 -1.67040762e-01
-5.34451791e-02 -1.70445179e-01
-5.68495959e-02 -1.73849596e-01
-6.02540127e-02 -1.77254013e-01
-6.36584295e-02 -1.80658430e-01
-6.70628464e-02 -1.84062846e-01
-7.04672632e-02 -1.87467263e-01
-7.38716800e-02 -1.90871680e-01
-7.72760968e-02 -1.94276097e-01
-8.06805136e-02 -1.97680514e-01
-8.40849304e-02 -2.01084930e-01
-8.74884859e-02 -1.99509792e-01
-9.08917247e-02 -1.96104197e-01
-9.42949636e-02 -1.92698603e-01
-9.76982025e-02 -1.89293009e-01
-1.01101441e-01 -1.85887414e-01
-1.04504680e-01 -1.82481820e-01
-1.07907919e-01 -1.79076226e-01
-1.11311158e-01 -1.75670631e-01
-1.14714397e-01 -1.72265037e-01
-1.18117636e-01 -1.68859442e-01
-1.21520874e-01 -1.65453848e-01
-1.24924113e-01 -1.62048254e-01
-1.28327352e-01 -1.58642659e-01
-1.31730591e-01 -1.55237065e-01
-1.35133830e-01 -1.51831471e-01
-1.38537069e-01 -1.48425876e-01
-1.41940308e-01 -1.45020282e-01
-1.45343546e-01 -1.41614688e-01
-1.48746785e-01 -1.38209093e-01
-1.52150024e-01 -1.34803499e-01
-1.55553263e-01 -1.31397904e-01
-1.58087558e-01 -1.27434372e-01
-1.60120727e-01 -1.23115630e-01
-1.63015150e-01 -1.19268239e-01
-1.65797089e-01 -1.15339256e-01
-1.68504797e-01 -1.11359068e-01
-1.71124136e-01 -1.07319369e-01
-1.73614946e-01 -1.03199478e-01
-1.76027914e-01 -9.90340550e-02
-1.78359440e-01 -9.48216810e-02
-1.80546091e-01 -9.05323877e-02
-1.82651719e-01 -8.62034845e-02
-1.84676134e-01 -8.18353656e-02
-1.86555146e-01 -7.74025987e-02
-1.88342436e-01 -7.29328240e-02
-1.90045822e-01 -6.84299952e-02
-1.91611434e-01 -6.38770878e-02
-1.93071047e-01 -5.92897843e-02
-1.94444529e-01 -5.46757703e-02
-1.95689132e-01 -5.00248488e-02
-1.96813434e-01 -4.53439713e-02
-1.97849856e-01 -4.06428748e-02
-1.98767402e-01 -3.59165425e-02
-1.99550507e-01 -3.11665345e-02
-2.00244470e-01 -2.64029110e-02
-2.00830499e-01 -2.16241374e-02
-2.01268300e-01 -1.68298037e-02
-2.01616188e-01 -1.20285334e-02
-2.01867853e-01 -7.22054298e-03
-2.01958039e-01 -2.40692048e-03
-2.01958039e-01 2.40692048e-03
-2.01867853e-01 7.22054298e-03
-2.01616188e-01 1.20285334e-02
-2.01268300e-01 1.68298037e-02
-2.00830499e-01 2.16241374e-02
-2.00244470e-01 2.64029110e-02
-1.99550507e-01 3.11665345e-02
-1.98767402e-01 3.59165425e-02
-1.97849856e-01 4.06428748e-02
-1.96813434e-01 4.53439713e-02
-1.95689132e-01 5.00248488e-02
-1.94444529e-01 5.46757703e-02
-1.93071047e-01 5.92897843e-02
-1.91611434e-01 6.38770878e-02
-1.90045822e-01 6.84299952e-02
-1.88342436e-01 7.29328240e-02
-1.86555146e-01 7.74025987e-02
-1.84676134e-01 8.18353656e-02
-1.82651719e-01 8.62034845e-02
-1.80546091e-01 9.05323877e-02
-1.78359440e-01 9.48216810e-02
-1.76027914e-01 9.90340550e-02
-1.73614946e-01 1.03199478e-01
-1.71124136e-01 1.07319369e-01
-1.68504797e-01 1.11359068e-01
-1.65797089e-01 1.15339256e-01
-1.63015150e-01 1.19268239e-01
-1.60120727e-01 1.23115630e-01
-1.58087558e-01 1.27434372e-01
-1.55553263e-01 1.31397904e-01
-1.52150024e-01 1.34803499e-01
-1.48746785e-01 1.38209093e-01
-1.45343546e-01 1.41614688e-01
-1.41940308e-01 1.45020282e-01
-1.38537069e-01 1.48425876e-01
-1.35133830e-01 1.51831471e-01
-1.31730591e-01 1.55237065e-01
-1.28327352e-01 1.58642659e-01
-1.24924113e-01 1.62048254e-01
-1.21520874e-01 1.65453848e-01
-1.18117636e-01 1.68859442e-01
-1.14714397e-01 1.72265037e-01
-1.11311158e-01 1.75670631e-01
-1.07907919e-01 1.79076226e-01
-1.04504680e-01 1.82481820e-01
-1.01101441e-01 1.85887414e-01
-9.76982025e-02 1.89293009e-01
-9.42949636e-02 1.92698603e-01
-9.08917247e-02 1.96104197e-01
-8.74884859e-02 1.99509792e-01
-8.40849304e-02 2.01084930e-01
-8.06805136e-02 1.97680514e-01
-7.72760968e-02 1.94276097e-01
-7.38716800e-02 1.90871680e-01
-7.04672632e-02 1.87467263e-01
-6.70628464e-02 1.84062846e-01
-6.36584295e-02 1.80658430e-01
-6.02540127e-02 1.77254013e-01
-5.68495959e-02 1.73849596e-01
-5.34451791e-02 1.70445179e-01
-5.00407623e-02 1.67040762e-01
-4.66363455e-02 1.63636345e-01
-4.32319287e-02 1.60231929e-01
-3.98275119e-02 1.56827512e-01
-3.64230950e-02 1.53423095e-01
-3.30186782e-02 1.50018678e-01
-2.96142614e-02 1.46614261e-01
-2.62098446e-02 1.43209845e-01
-2.28054278e-02 1.39805428e-01
-1.94010110e-02 1.36401011e-01
-1.59965942e-02 1.32996594e-01
-1.25921774e-02 1.29592177e-01
-9.18776054e-03 1.26187761e-01
-5.78334373e-03 1.22783344e-01
-2.37892692e-03 1.19378927e-01
0.00000000e+00 1.15549738e-01
0.00000000e+00 1.10735166e-01
0.00000000e+00 1.05920593e-01
0.00000000e+00 1.01106021e-01
0.00000000e+00 9.62914486e-02
0.00000000e+00 9.14768761e-02
0.00000000e+00 8.66623037e-02
0.00000000e+00 8.18477313e-02
0.00000000e+00 7.70331589e-02
0.00000000e+00 7.22185864e-02
0.00000000e+00 6.74040140e-02
0.00000000e+00 6.25894416e-02
0.00000000e+00 5.77748691e-02
0.00000000e+00 5.29602967e-02
0.00000000e+00 4.81457243e-02
0.00000000e+00 4.33311519e-02
0.00000000e+00 3.85165794e-02
0.00000000e+00 3.37020070e-02
0.00000000e+00 2.88874346e-02
0.00000000e+00 2.40728621e-02
0.00000000e+00 1.92582897e-02
0.00000000e+00 1.44437173e-02
0.00000000e+00 9.62914486e-03
0.00000000e+00 4.81457243e-03
0.00000000e+00 -2.33146835e-15
