hayabusa 
34 36

-2.01877250e-01 7.04101945e-03
-2.01509149e-01 1.40734816e-02
-2.00896144e-01 2.10888396e-02
-2.00038981e-01 2.80785674e-02
-1.98938701e-01 3.50341699e-02
-1.97596642e-01 4.19471938e-02
-1.96014434e-01 4.88092372e-02
-1.94194001e-01 5.56119605e-02
-1.92137554e-01 6.23470960e-02
-1.89847593e-01 6.90064581e-02
-1.87326902e-01 7.55819534e-02
-1.84578544e-01 8.20655904e-02
-1.81605859e-01 8.84494892e-02
-1.78412459e-01 9.47258912e-02
-1.75002226e-01 1.00887168e-01
-1.71379305e-01 1.06925833e-01
-1.67548099e-01 1.12834545e-01
-1.63513264e-01 1.18606124e-01
-1.59279703e-01 1.24233555e-01
-1.57240000e-01 1.29710000e-01
-1.42792000e-01 1.44168000e-01
-1.28344000e-01 1.58626000e-01
-1.13896000e-01 1.73084000e-01
-9.94480000e-02 1.87542000e-01
-8.50000000e-02 2.02000000e-01
-6.80000000e-02 1.85000000e-01
-5.10000000e-02 1.68000000e-01
-3.40000000e-02 1.51000000e-01
-1.70000000e-02 1.34000000e-01
0.00000000e+00 1.17000000e-01
0.00000000e+00 9.36000000e-02
0.00000000e+00 7.02000000e-02
0.00000000e+00 4.68000000e-02
0.00000000e+00 2.34000000e-02

-2.02000000e-01 -0.00000000e+00
-2.01877250e-01 -7.04101945e-03
-2.01509149e-01 -1.40734816e-02
-2.00896144e-01 -2.10888396e-02
-2.00038981e-01 -2.80785674e-02
-1.98938701e-01 -3.50341699e-02
-1.97596642e-01 -4.19471938e-02
-1.96014434e-01 -4.88092372e-02
-1.94194001e-01 -5.56119605e-02
-1.92137554e-01 -6.23470960e-02
-1.89847593e-01 -6.90064581e-02
-1.87326902e-01 -7.55819534e-02
-1.84578544e-01 -8.20655904e-02
-1.81605859e-01 -8.84494892e-02
-1.78412459e-01 -9.47258912e-02
-1.75002226e-01 -1.00887168e-01
-1.71379305e-01 -1.06925833e-01
-1.67548099e-01 -1.12834545e-01
-1.63513264e-01 -1.18606124e-01
-1.59279703e-01 -1.24233555e-01
-1.57240000e-01 -1.29710000e-01
-1.42792000e-01 -1.44168000e-01
-1.28344000e-01 -1.58626000e-01
-1.13896000e-01 -1.73084000e-01
-9.94480000e-02 -1.87542000e-01
-8.50000000e-02 -2.02000000e-01
-6.80000000e-02 -1.85000000e-01
-5.10000000e-02 -1.68000000e-01
-3.40000000e-02 -1.51000000e-01
-1.70000000e-02 -1.34000000e-01
0.00000000e+00 -1.17000000e-01
0.00000000e+00 -9.36000000e-02
0.00000000e+00 -7.02000000e-02
0.00000000e+00 -4.68000000e-02
0.00000000e+00 -2.34000000e-02
0.00000000e+00 -0.00000000e+00
